角色名称,角色编码,说明
1,1,
